1  -49    0 -115    0    3   17    0  -79    0  -96   41
2  -98    0 -230    0    6   34    0 -158    0 -192   82
3 -147    0 -345    0    9   51    0 -237    0 -288  123
4 -196    0 -460    0   12   68    0 -316    0 -384  164
5 -245    0 -575    0   15   85    0 -395    0 -480  205
6 -294    0 -690    0   18  102    0 -474    0 -576  246
7 -343    0 -805    0   21  119    0 -553    0 -672  287
8 -392    0 -920    0   24  136    0 -632    0 -768  328
 9  -441     0 -1035     0    27   153     0  -711     0  -864   369
10  -490     0 -1150     0    30   170     0  -790     0  -960   410
11  -539     0 -1265     0    33   187     0  -869     0 -1056   451
12  -588     0 -1380     0    36   204     0  -948     0 -1152   492
13  -637     0 -1495     0    39   221     0 -1027     0 -1248   533
14  -686     0 -1610     0    42   238     0 -1106     0 -1344   574
15  -735     0 -1725     0    45   255     0 -1185     0 -1440   615
16  -784     0 -1840     0    48   272     0 -1264     0 -1536   656
17  -833     0 -1955     0    51   289     0 -1343     0 -1632   697
18  -882     0 -2070     0    54   306     0 -1422     0 -1728   738
19  -931     0 -2185     0    57   323     0 -1501     0 -1824   779
21  -980     0 -2298     0    73   355     0 -1573     0 -1919   821